.3333333333333712
widths--------------- [  5. 301. 301.   6.]
heights-------------------------------------------- [ 47. 416. 416. 119.]
Angles [-71.  -1.  55.  87.]
-1.3333333333333712
widths--------------- [  5. 301. 301.   6.]
heights-------------------------------------------- [ 47. 416. 416. 119.]
Angles [-71.  -1.  55.  87.]
-1.3333333333333712
widths--------------- [  5. 301. 301.   6.]
heights-------------------------------------------- [ 47. 416. 416. 119.]
Angles [-71.  -1.  55.  87.]
-1.3333333333333712
widths--------------- [  5. 301. 301.   6.]
heights-------------------------------------------- [ 47. 416. 416. 119.]
Angles [-71.  -1.  55.  87.]
-1.3333333333333712
widths--------------- [  8.   9. 134. 134.  84.  84.   5.]
heights-------------------------------------------- [ 46.  67. 882. 882. 882. 882. 118.]
Angles [-90. -78. -24.  -0.  50.  65.  89.]
-7.528645555267246
widths--------------- [  8.   9. 134. 134.  84.  84.   5.]
heights-------------------------------------------- [ 46.  67. 882. 882. 882. 882. 118.]
Angles [-90. -78. -24.  -0.  50.  65.  89.]
-7.528645555267246
widths--------------- [  8.   9. 134. 134.  84.  84.   5.]
heights-------------------------------------------- [ 46.  67. 882. 882. 882. 882. 118.]
Angles [-90. -78. -24.  -0.  50.  65.  89.]
-7.528645555267246
widths--------------- [  8.   9. 134. 134.  84.  84.   5.]
heights-------------------------------------------- [ 46.  67. 882. 882. 882. 882. 118.]
Angles [-90. -78. -24.  -0.  50.  65.  89.]
-7.528645555267246
widths--------------- [  8.   9. 134. 134.  84.  84.   5.]
heights-------------------------------------------- [ 46.  67. 882. 882. 882. 882. 118.]
Angles [-90. -78. -24.  -0.  50.  65.  89.]
-7.528645555267246
widths--------------- [  8.   9. 134. 134.  84.  84.   5.]
heights-------------------------------------------- [ 46.  67. 882. 882. 882. 882. 118.]
Angles [-90. -78. -24.  -0.  50.  65.  89.]
-7.528645555267246
widths--------------- [  8.   9. 134. 134.  84.  84.   5.]
heights-------------------------------------------- [ 46.  67. 882. 882. 882. 882. 118.]
Angles [-90. -78. -24.  -0.  50.  65.  89.]
-7.528645555267246
widths--------------- [318. 318. 318.   7.]
heights-------------------------------------------- [526. 526. 526. 116.]
Angles [-8. 18. 60. 89.]
-7.666666666666686
widths--------------- [318. 318. 318.   7.]
heights-------------------------------------------- [526. 526. 526. 116.]
Angles [-8. 18. 60. 89.]
-7.666666666666686
widths--------------- [318. 318. 318.   7.]
heights-------------------------------------------- [526. 526. 526. 116.]
Angles [-8. 18. 60. 89.]
-7.666666666666686
widths--------------- [318. 318. 318.   7.]
heights-------------------------------------------- [526. 526. 526. 116.]
Angles [-8. 18. 60. 89.]
-7.666666666666686
widths--------------- [318. 318. 318.   7.]
heights-------------------------------------------- [526. 526. 526. 116.]
Angles [-8. 18. 60. 89.]
-7.666666666666686
widths--------------- [318. 318. 318.   7.]
heights-------------------------------------------- [526. 526. 526. 116.]
Angles [-8. 18. 60. 89.]
-7.666666666666686
widths--------------- [318. 318. 318.   7.]
heights-------------------------------------------- [526. 526. 526. 116.]
Angles [-8. 18. 60. 89.]
-7.666666666666686
widths--------------- [318. 318. 318.   7.]
heights-------------------------------------------- [526. 526. 526. 116.]
Angles [-8. 18. 60. 89.]
-7.666666666666686
widths--------------- [118. 127. 127. 127.   7.]
heights-------------------------------------------- [698. 698. 698. 698. 698.]
Angles [-8. 44. 61. 81. 86.]
59.169718593685445
widths--------------- [118. 127. 127. 127.   7.]
heights-------------------------------------------- [698. 698. 698. 698. 698.]
Angles [-8. 44. 61. 81. 86.]
59.169718593685445
widths--------------- [118. 127. 127. 127.   7.]
heights-------------------------------------------- [698. 698. 698. 698. 698.]
Angles [-8. 44. 61. 81. 86.]
59.169718593685445
widths--------------- [118. 127. 127. 127.   7.]
heights-------------------------------------------- [698. 698. 698. 698. 698.]
Angles [-8. 44. 61. 81. 86.]
59.169718593685445
widths--------------- [118. 127. 127. 127.   7.]
heights-------------------------------------------- [698. 698. 698. 698. 698.]
Angles [-8. 44. 61. 81. 86.]
59.169718593685445
widths--------------- [118. 127. 127. 127.   7.]
heights-------------------------------------------- [698. 698. 698. 698. 698.]
Angles [-8. 44. 61. 81. 86.]
59.169718593685445
widths--------------- [118. 127. 127. 127.   7.]
heights-------------------------------------------- [698. 698. 698. 698. 698.]
Angles [-8. 44. 61. 81. 86.]
59.169718593685445
widths--------------- [118. 127. 127. 127.   7.]
heights-------------------------------------------- [698. 698. 698. 698. 698.]
Angles [-8. 44. 61. 81. 86.]
59.169718593685445
widths--------------- [118. 127. 127. 127.   7.]
heights-------------------------------------------- [698. 698. 698. 698. 698.]
Angles [-8. 44. 61. 81. 86.]
59.169718593685445
widths--------------- [123.   6. 130. 130. 130. 130.]
heights-------------------------------------------- [695. 695. 695. 695. 695. 695.]
Angles [-7. 20. 54. 67. 81. 86.]
64.90029146023753
widths--------------- [123.   6. 130. 130. 130. 130.]
heights-------------------------------------------- [695. 695. 695. 695. 695. 695.]
Angles [-7. 20. 54. 67. 81. 86.]
64.90029146023753
widths--------------- [123.   6. 130. 130. 130. 130.]
heights-------------------------------------------- [695. 695. 695. 695. 695. 695.]
Angles [-7. 20. 54. 67. 81. 86.]
64.90029146023753
widths--------------- [123.   6. 130. 130. 130. 130.]
heights-------------------------------------------- [695. 695. 695. 695. 695. 695.]
Angles [-7. 20. 54. 67. 81. 86.]
64.90029146023753
widths--------------- [123.   6. 130. 130. 130. 130.]
heights-------------------------------------------- [695. 695. 695. 695. 695. 695.]
Angles [-7. 20. 54. 67. 81. 86.]
64.90029146023753
widths--------------- [123.   6. 130. 130. 130. 130.]
heights-------------------------------------------- [695. 695. 695. 695. 695. 695.]
Angles [-7. 20. 54. 67. 81. 86.]
64.90029146023753
widths--------------- [123.   6. 130. 130. 130. 130.]
heights-------------------------------------------- [695. 695. 695. 695. 695. 695.]
Angles [-7. 20. 54. 67. 81. 86.]
64.90029146023753
widths--------------- [183.   6. 122. 122.   6. 122. 122.]
heights-------------------------------------------- [696. 696. 696. 696. 695. 696. 696.]
Angles [-15.  24.  62.  77.  84.  86.  88.]
-15.333333333333371
widths--------------- [183.   6. 122. 122.   6. 122. 122.]
heights-------------------------------------------- [696. 696. 696. 696. 695. 696. 696.]
Angles [-15.  24.  62.  77.  84.  86.  88.]
-15.333333333333371
widths--------------- [183.   6. 122. 122.   6. 122. 122.]
heights-------------------------------------------- [696. 696. 696. 696. 695. 696. 696.]
Angles [-15.  24.  62.  77.  84.  86.  88.]
-15.333333333333371
widths--------------- [183.   6. 122. 122.   6. 122. 122.]
heights-------------------------------------------- [696. 696. 696. 696. 695. 696. 696.]
Angles [-15.  24.  62.  77.  84.  86.  88.]
-15.333333333333371
widths--------------- [183.   6. 122. 122.   6. 122. 122.]
heights-------------------------------------------- [696. 696. 696. 696. 695. 696. 696.]
Angles [-15.  24.  62.  77.  84.  86.  88.]
-15.333333333333371
widths--------------- [183.   6. 122. 122.   6. 122. 122.]
heights-------------------------------------------- [696. 696. 696. 696. 695. 696. 696.]
Angles [-15.  24.  62.  77.  84.  86.  88.]
-15.333333333333371
widths--------------- [183.   6. 122. 122.   6. 122. 122.]
heights-------------------------------------------- [696. 696. 696. 696. 695. 696. 696.]
Angles [-15.  24.  62.  77.  84.  86.  88.]
-15.333333333333371
widths--------------- [183.   6. 122. 122.   6. 122. 122.]
heights-------------------------------------------- [696. 696. 696. 696. 695. 696. 696.]
Angles [-15.  24.  62.  77.  84.  86.  88.]
-15.333333333333371
widths--------------- [183.   6. 122. 122.   6. 122. 122.]
heights-------------------------------------------- [696. 696. 696. 696. 695. 696. 696.]
Angles [-15.  24.  62.  77.  84.  86.  88.]
-15.333333333333371
widths--------------- [164.  42. 128. 128. 128. 128.]
heights-------------------------------------------- [695. 695. 695. 695. 695. 695.]
Angles [-38.  -1.  54.  68.  72.  80.]
-38.33333333333337
widths--------------- [164.  42. 128. 128. 128. 128.]
heights-------------------------------------------- [695. 695. 695. 695. 695. 695.]
Angles [-38.  -1.  54.  68.  72.  80.]
-38.33333333333337
widths--------------- [164.  42. 128. 128. 128. 128.]
heights-------------------------------------------- [695. 695. 695. 695. 695. 695.]
Angles [-38.  -1.  54.  68.  72.  80.]
-38.33333333333337
widths--------------- [164.  42. 128. 128. 128. 128.]
heights-------------------------------------------- [695. 695. 695. 695. 695. 695.]
Angles [-38.  -1.  54.  68.  72.  80.]
-38.33333333333337
widths--------------- [164.  42. 128. 128. 128. 128.]
heights-------------------------------------------- [695. 695. 695. 695. 695. 695.]
Angles [-38.  -1.  54.  68.  72.  80.]
-38.33333333333337
widths--------------- [164.  42. 128. 128. 128. 128.]
heights-------------------------------------------- [695. 695. 695. 695. 695. 695.]
Angles [-38.  -1.  54.  68.  72.  80.]
-38.33333333333337
widths--------------- [164.  42. 128. 128. 128. 128.]
heights-------------------------------------------- [695. 695. 695. 695. 695. 695.]
Angles [-38.  -1.  54.  68.  72.  80.]
-38.33333333333337
widths--------------- [164.  42. 128. 128. 128. 128.]
heights-------------------------------------------- [695. 695. 695. 695. 695. 695.]
Angles [-38.  -1.  54.  68.  72.  80.]
-38.33333333333337
widths--------------- [128.   5.   6. 130. 130. 130. 130.]
heights-------------------------------------------- [694. 218. 694. 694. 694. 694. 694.]
Angles [-38.  -8.  -3.  35.  44.  58.  67.]
44.474136939961426
widths--------------- [128.   5.   6. 130. 130. 130. 130.]
heights-------------------------------------------- [694. 218. 694. 694. 694. 694. 694.]
Angles [-38.  -8.  -3.  35.  44.  58.  67.]
44.474136939961426
widths--------------- [128.   5.   6. 130. 130. 130. 130.]
heights-------------------------------------------- [694. 218. 694. 694. 694. 694. 694.]
Angles [-38.  -8.  -3.  35.  44.  58.  67.]
44.474136939961426
widths--------------- [128.   5.   6. 130. 130. 130. 130.]
heights-------------------------------------------- [694. 218. 694. 694. 694. 694. 694.]
Angles [-38.  -8.  -3.  35.  44.  58.  67.]
44.474136939961426
widths--------------- [128.   5.   6. 130. 130. 130. 130.]
heights-------------------------------------------- [694. 218. 694. 694. 694. 694. 694.]
Angles [-38.  -8.  -3.  35.  44.  58.  67.]
44.474136939961426
widths--------------- [128.   5.   6. 130. 130. 130. 130.]
heights-------------------------------------------- [694. 218. 694. 694. 694. 694. 694.]
Angles [-38.  -8.  -3.  35.  44.  58.  67.]
44.474136939961426
widths--------------- [128.   5.   6. 130. 130. 130. 130.]
heights-------------------------------------------- [694. 218. 694. 694. 694. 694. 694.]
Angles [-38.  -8.  -3.  35.  44.  58.  67.]
44.474136939961426
widths--------------- [128.   5.   6. 130. 130. 130. 130.]
heights-------------------------------------------- [694. 218. 694. 694. 694. 694. 694.]
Angles [-38.  -8.  -3.  35.  44.  58.  67.]
44.474136939961426
widths--------------- [134. 173. 173. 173. 173.]
heights-------------------------------------------- [730. 730. 730. 730. 730.]
Angles [-32.  32.  49.  58.  71.]
38.33125449909336
widths--------------- [134. 173. 173. 173. 173.]
heights-------------------------------------------- [730. 730. 730. 730. 730.]
Angles [-32.  32.  49.  58.  71.]
38.33125449909336
widths--------------- [134. 173. 173. 173. 173.]
heights-------------------------------------------- [730. 730. 730. 730. 730.]
Angles [-32.  32.  49.  58.  71.]
38.33125449909336
widths--------------- [134. 173. 173. 173. 173.]
heights-------------------------------------------- [730. 730. 730. 730. 730.]
Angles [-32.  32.  49.  58.  71.]
38.33125449909336
widths--------------- [134. 173. 173. 173. 173.]
heights-------------------------------------------- [730. 730. 730. 730. 730.]
Angles [-32.  32.  49.  58.  71.]
38.33125449909336
widths--------------- [134. 173. 173. 173. 173.]
heights-------------------------------------------- [730. 730. 730. 730. 730.]
Angles [-32.  32.  49.  58.  71.]
38.33125449909336
widths--------------- [134. 173. 173. 173. 173.]
heights-------------------------------------------- [730. 730. 730. 730. 730.]
Angles [-32.  32.  49.  58.  71.]
38.33125449909336
widths--------------- [134. 173. 173. 173. 173.]
heights-------------------------------------------- [730. 730. 730. 730. 730.]
Angles [-32.  32.  49.  58.  71.]
38.33125449909336
widths--------------- [134. 173. 173. 173. 173.]
heights-------------------------------------------- [730. 730. 730. 730. 730.]
Angles [-32.  32.  49.  58.  71.]
38.33125449909336
widths--------------- [165. 178. 178. 178. 178.]
heights-------------------------------------------- [678. 678. 678. 678. 678.]
Angles [-37.  41.  60.  70.  81.]
47.042513978150495
widths--------------- [165. 178. 178. 178. 178.]
heights-------------------------------------------- [678. 678. 678. 678. 678.]
Angles [-37.  41.  60.  70.  81.]
47.042513978150495
widths--------------- [165. 178. 178. 178. 178.]
heights-------------------------------------------- [678. 678. 678. 678. 678.]
Angles [-37.  41.  60.  70.  81.]
47.042513978150495
widths--------------- [165. 178. 178. 178. 178.]
heights-------------------------------------------- [678. 678. 678. 678. 678.]
Angles [-37.  41.  60.  70.  81.]
47.042513978150495
widths--------------- [165. 178. 178. 178. 178.]
heights-------------------------------------------- [678. 678. 678. 678. 678.]
Angles [-37.  41.  60.  70.  81.]
47.042513978150495
widths--------------- [165. 178. 178. 178. 178.]
heights-------------------------------------------- [678. 678. 678. 678. 678.]
Angles [-37.  41.  60.  70.  81.]
47.042513978150495
widths--------------- [165. 178. 178. 178. 178.]
heights-------------------------------------------- [678. 678. 678. 678. 678.]
Angles [-37.  41.  60.  70.  81.]
47.042513978150495
widths--------------- [165. 178. 178. 178. 178.]
heights-------------------------------------------- [678. 678. 678. 678. 678.]
Angles [-37.  41.  60.  70.  81.]
47.042513978150495
widths--------------- [192.  11. 136. 136.]
heights-------------------------------------------- [662. 195. 662. 662.]
Angles [-55.  -7.  46.  78.]
-54.666666666666686
widths--------------- [192.  11. 136. 136.]
heights-------------------------------------------- [662. 195. 662. 662.]
Angles [-55.  -7.  46.  78.]
-54.666666666666686
widths--------------- [192.  11. 136. 136.]
heights-------------------------------------------- [662. 195. 662. 662.]
Angles [-55.  -7.  46.  78.]
-54.666666666666686
widths--------------- [192.  11. 136. 136.]
heights-------------------------------------------- [662. 195. 662. 662.]
Angles [-55.  -7.  46.  78.]
-54.666666666666686
widths--------------- [192.  11. 136. 136.]
heights-------------------------------------------- [662. 195. 662. 662.]
Angles [-55.  -7.  46.  78.]
-54.666666666666686
widths--------------- [192.  11. 136. 136.]
heights-------------------------------------------- [662. 195. 662. 662.]
Angles [-55.  -7.  46.  78.]
-54.666666666666686
widths--------------- [192.  11. 136. 136.]
heights-------------------------------------------- [662. 195. 662. 662.]
Angles [-55.  -7.  46.  78.]
-54.666666666666686
widths--------------- [149.   8. 134.   7.   7. 134. 134.]
heights-------------------------------------------- [1234.  131. 1234.  627.  627. 1234. 1234.]
Angles [-65.  -8.  35.  45.  47.  58.  68.]
-65.0
widths--------------- [149.   8. 134.   7.   7. 134. 134.]
heights-------------------------------------------- [1234.  131. 1234.  627.  627. 1234. 1234.]
Angles [-65.  -8.  35.  45.  47.  58.  68.]
-65.0
widths--------------- [149.   8. 134.   7.   7. 134. 134.]
heights-------------------------------------------- [1234.  131. 1234.  627.  627. 1234. 1234.]
Angles [-65.  -8.  35.  45.  47.  58.  68.]
-65.0
widths--------------- [149.   8. 134.   7.   7. 134. 134.]
heights-------------------------------------------- [1234.  131. 1234.  627.  627. 1234. 1234.]
Angles [-65.  -8.  35.  45.  47.  58.  68.]
-65.0
widths--------------- [149.   8. 134.   7.   7. 134. 134.]
heights-------------------------------------------- [1234.  131. 1234.  627.  627. 1234. 1234.]
Angles [-65.  -8.  35.  45.  47.  58.  68.]
-65.0
widths--------------- [149.   8. 134.   7.   7. 134. 134.]
^Cheights-------------------------------------------- [1234.  131. 1234.  627.  627. 1234. 1234.]
Angles [-65.  -8.  35.  45.  47.  58.  68.]